[
  [
    [
      -0.404648095369339,
      1.1932657957077026,
      0.42029374837875366,
      0.2756989598274231,
      0.34134525060653687,
      0.49301886558532715,
      -0.4811592102050781,
      -0.09934131056070328,
      0.43012675642967224
    ],
    [
      -0.5288921594619751,
      -0.04658030718564987,
      0.5676489472389221,
      -0.05837385728955269,
      0.2516276240348816,
      0.7159035801887512,
      -0.39137333631515503,
      -0.1858063042163849,
      0.040403131395578384
    ],
    [
      -0.4823507070541382,
      -0.16635359823703766,
      -0.7577294111251831,
      0.6399861574172974,
      -0.0462152473628521,
      -0.31903278827667236,
      -0.34666046500205994,
      -0.114146888256073,
      0.8829588294029236
    ],
    [
      0.1253652125597,
      0.2640990912914276,
      0.3268071115016937,
      0.06409677863121033,
      0.19910778105258942,
      0.5453084707260132,
      -0.048808664083480835,
      -0.36747679114341736,
      0.18959933519363403
    ],
    [
      0.45705506205558777,
      0.2106824368238449,
      0.14817146956920624,
      0.7155159711837769,
      0.6629540920257568,
      -0.010698315687477589,
      -0.38864871859550476,
      -0.11258132010698318,
      0.6875407099723816
    ],
    [
      -0.28217813372612,
      -0.35745981335639954,
      -0.8063187003135681,
      0.09030018746852875,
      -0.7692202925682068,
      -0.7421891689300537,
      0.0909142941236496,
      -0.46653616428375244,
      0.31199923157691956
    ],
    [
      0.3421018123626709,
      0.03171372041106224,
      0.22550714015960693,
      -0.21827903389930725,
      0.6817001104354858,
      -0.20648851990699768,
      -0.0164172425866127,
      -0.21370725333690643,
      0.1504325270652771
    ],
    [
      0.2939159572124481,
      0.4876340925693512,
      0.40009909868240356,
      -0.68470299243927,
      0.12492867559194565,
      0.5349707007408142,
      0.17018750309944153,
      -0.4988954961299896,
      -0.028726713731884956
    ],
    [
      -0.5308948159217834,
      -0.021455658599734306,
      0.3453992009162903,
      -0.24809716641902924,
      0.4923519492149353,
      -0.20907312631607056,
      -0.5550528168678284,
      -0.046509675681591034,
      0.472016304731369
    ]
  ],
  [
    0.2349269986152649,
    0.04781369864940643,
    0.14204923808574677,
    0.09361962974071503,
    -0.012949246913194656,
    -0.02727862074971199,
    0.48212161660194397,
    0.29587522149086,
    0.14661777019500732
  ],
  [
    [
      0.41964811086654663,
      0.8508782386779785,
      0.0407724529504776,
      0.5842537879943848,
      -0.2378983497619629,
      -0.6270425915718079,
      0.4098753333091736,
      0.22132107615470886,
      0.5714154243469238
    ],
    [
      0.11933726072311401,
      0.47246667742729187,
      -0.08643607795238495,
      0.7812340259552002,
      0.17319954931735992,
      0.43247854709625244,
      0.03541180491447449,
      -0.39876431226730347,
      0.40992271900177
    ],
    [
      0.02868914231657982,
      -0.01939968951046467,
      -0.1404036581516266,
      -0.7692191004753113,
      -0.4401477873325348,
      0.4272701144218445,
      0.2960057556629181,
      -0.2305767834186554,
      0.1933339238166809
    ],
    [
      -0.19023646414279938,
      -0.1548706442117691,
      0.054708827286958694,
      -0.022612057626247406,
      0.2618306279182434,
      0.017497267574071884,
      -0.2695322036743164,
      0.4671955406665802,
      -0.1291326880455017
    ],
    [
      0.12056703865528107,
      -0.1440073698759079,
      0.039268869906663895,
      -0.6152618527412415,
      0.2590535581111908,
      0.4185217022895813,
      0.2656128704547882,
      -0.06094962731003761,
      -0.5198368430137634
    ],
    [
      -0.6818525791168213,
      -0.3596937656402588,
      -0.458461195230484,
      0.5474310517311096,
      -0.07672017812728882,
      0.4358915090560913,
      0.31258681416511536,
      -0.11002931743860245,
      0.25697821378707886
    ],
    [
      0.5551183819770813,
      0.07604324072599411,
      0.05311194434762001,
      0.14246343076229095,
      0.12731899321079254,
      0.5750349760055542,
      0.23532266914844513,
      0.19923482835292816,
      -0.418049693107605
    ],
    [
      -0.2893250584602356,
      -0.2615705728530884,
      0.5195980668067932,
      0.1755983978509903,
      0.2760811150074005,
      -0.5519953966140747,
      -0.1827336847782135,
      -0.3804387152194977,
      -0.09130743891000748
    ],
    [
      -0.057801928371191025,
      -0.18038120865821838,
      -0.21057423949241638,
      -0.3608086109161377,
      -0.09366171807050705,
      -0.1874534636735916,
      -0.7666898369789124,
      0.48708242177963257,
      -0.15790916979312897
    ]
  ],
  [
    -0.15915058553218842,
    -0.28706490993499756,
    -0.11410342156887054,
    0.41409045457839966,
    0.199501633644104,
    -0.19746169447898865,
    0.11364707350730896,
    0.06423238664865494,
    0.20332665741443634
  ],
  [
    [
      -0.4462675154209137,
      0.7767148613929749,
      0.2883092164993286,
      -0.031669605523347855,
      0.32177913188934326,
      -0.7984926104545593,
      -0.46685901284217834,
      0.07361319661140442,
      -0.35931017994880676
    ],
    [
      -0.12398940324783325,
      -0.12911514937877655,
      -0.6102616190910339,
      -0.30832695960998535,
      -0.29015591740608215,
      0.06112238019704819,
      -0.24796079099178314,
      0.35286787152290344,
      -0.266643226146698
    ],
    [
      -0.03904060646891594,
      0.22636422514915466,
      0.31896156072616577,
      -0.5894843339920044,
      0.49566006660461426,
      -0.10807454586029053,
      0.01034323126077652,
      0.9131052494049072,
      -0.126510888338089
    ],
    [
      1.062619686126709,
      0.6081920266151428,
      0.40273240208625793,
      0.2732313573360443,
      0.21455340087413788,
      0.28804969787597656,
      0.5727651119232178,
      0.3549489676952362,
      0.5344703793525696
    ],
    [
      0.014183628372848034,
      0.636448860168457,
      0.025917956605553627,
      -0.41682401299476624,
      -0.16125869750976562,
      0.47399675846099854,
      0.007836384698748589,
      -0.5621459484100342,
      -0.5032012462615967
    ],
    [
      -0.2596862018108368,
      -0.5571966171264648,
      -0.4964887499809265,
      0.17423513531684875,
      0.449550062417984,
      -0.27208849787712097,
      0.3747688829898834,
      -0.15292143821716309,
      0.44114530086517334
    ],
    [
      -0.36464762687683105,
      0.05221040919423103,
      0.5681487321853638,
      -0.31278759241104126,
      0.4469556212425232,
      0.0007496664766222239,
      -0.4524996876716614,
      0.4564920663833618,
      0.3322976529598236
    ],
    [
      -0.4225170314311981,
      -0.5528250932693481,
      0.021128032356500626,
      -0.3485139012336731,
      0.03099454566836357,
      -0.6518518924713135,
      0.2536810636520386,
      0.6083632111549377,
      0.003348300000652671
    ],
    [
      -0.6301283836364746,
      0.08710304647684097,
      0.368551641702652,
      -0.237516388297081,
      -0.36179813742637634,
      -0.35803544521331787,
      0.16632112860679626,
      -0.713779866695404,
      0.28742215037345886
    ]
  ],
  [
    0.06037501245737076,
    -0.24087530374526978,
    0.03073262982070446,
    -0.02938986010849476,
    -0.09962396323680878,
    -0.2397739738225937,
    0.5792326331138611,
    0.09037188440561295,
    0.2174299657344818
  ]
]