[
  [
    [
      -0.404648095369339,
      0.8912044167518616,
      0.41850677132606506,
      0.26043465733528137,
      0.2610219717025757,
      0.25753480195999146,
      -0.5250394344329834,
      -0.05017275735735893,
      0.49954748153686523
    ],
    [
      -0.4516628384590149,
      -0.10350075364112854,
      0.6816121935844421,
      -0.06778641045093536,
      0.2516276240348816,
      0.661483645439148,
      -0.3600713908672333,
      -0.31431010365486145,
      0.07961844652891159
    ],
    [
      -0.28632304072380066,
      0.021505791693925858,
      -0.7577294111251831,
      0.6636940240859985,
      0.0347752720117569,
      -0.6565422415733337,
      -0.34666046500205994,
      -0.114146888256073,
      0.9194284677505493
    ],
    [
      0.2710164785385132,
      0.4398915469646454,
      0.4123215973377228,
      0.06409677863121033,
      0.05245445296168327,
      0.6134706735610962,
      0.040966954082250595,
      -0.040337976068258286,
      0.21690648794174194
    ],
    [
      0.45705506205558777,
      0.37037068605422974,
      -0.3002857565879822,
      0.616469144821167,
      0.23082032799720764,
      0.026254329830408096,
      -0.4343234896659851,
      -0.032714877277612686,
      0.7934504151344299
    ],
    [
      -0.2731877267360687,
      -0.35745981335639954,
      -0.703601062297821,
      0.16731342673301697,
      -0.6372035145759583,
      -0.7428893446922302,
      -0.03127219155430794,
      -0.4410873055458069,
      0.12979504466056824
    ],
    [
      0.18081311881542206,
      -0.0602959580719471,
      0.22550714015960693,
      -0.21827903389930725,
      0.6151564121246338,
      -0.3949812650680542,
      0.08898216485977173,
      -0.24385376274585724,
      0.2765125036239624
    ],
    [
      0.3759094178676605,
      0.5766738057136536,
      0.40009909868240356,
      -0.68470299243927,
      0.25058066844940186,
      0.6919590830802917,
      0.074439637362957,
      -0.37974807620048523,
      0.08029907941818237
    ],
    [
      -0.31580355763435364,
      -0.04550298675894737,
      0.05154358223080635,
      -0.2449083924293518,
      0.5629705786705017,
      -0.20382429659366608,
      -0.5550528168678284,
      0.07426206022500992,
      0.472016304731369
    ]
  ],
  [
    0.03467253968119621,
    0.08807668834924698,
    0.18489955365657806,
    0.11033356189727783,
    -0.02546445094048977,
    -0.02727862074971199,
    0.5558083057403564,
    0.25631463527679443,
    0.17772260308265686
  ],
  [
    [
      0.4541766345500946,
      0.5474975109100342,
      0.11685299873352051,
      0.4750745892524719,
      -0.2378983497619629,
      -0.5248246788978577,
      0.46916815638542175,
      0.34451767802238464,
      0.539889395236969
    ],
    [
      0.1317804604768753,
      0.3891920745372772,
      0.10176900774240494,
      0.6641135811805725,
      0.4177407920360565,
      0.43247854709625244,
      -0.25376176834106445,
      -0.49143385887145996,
      0.5548073053359985
    ],
    [
      0.27049019932746887,
      -0.3909347355365753,
      -0.2489890456199646,
      -0.7692191004753113,
      -0.23413243889808655,
      0.38388293981552124,
      0.2960057556629181,
      -0.27075818181037903,
      0.1933339238166809
    ],
    [
      -0.04502022638916969,
      0.1605006456375122,
      0.054708827286958694,
      -0.022612057626247406,
      0.39881595969200134,
      -0.03170111030340195,
      -0.3792682886123657,
      0.5169256925582886,
      -0.09538924694061279
    ],
    [
      0.29988226294517517,
      -0.044589653611183167,
      -0.26722273230552673,
      -0.4514131546020508,
      0.34356454014778137,
      0.25602757930755615,
      0.3450613021850586,
      -0.1875384896993637,
      -0.48514804244041443
    ],
    [
      -0.6492986679077148,
      -0.4511302411556244,
      -0.5328634977340698,
      0.16408739984035492,
      -0.07672017812728882,
      0.08027655631303787,
      0.108391173183918,
      -0.32394644618034363,
      0.25697821378707886
    ],
    [
      0.5366111993789673,
      0.03397130221128464,
      0.05311194434762001,
      -0.02251557447016239,
      0.20687800645828247,
      0.5750349760055542,
      0.2052665799856186,
      0.23597347736358643,
      -0.418049693107605
    ],
    [
      -0.2751266360282898,
      -0.3062853515148163,
      0.40770387649536133,
      -0.008717288263142109,
      0.2760811150074005,
      -0.5704088807106018,
      -0.3302749693393707,
      -0.4025866389274597,
      -0.1309126913547516
    ],
    [
      -0.10850202292203903,
      -0.18038120865821838,
      -0.16625937819480896,
      -0.3608086109161377,
      -0.41198256611824036,
      -0.04633144289255142,
      -0.8320379257202148,
      0.48708242177963257,
      -0.15790916979312897
    ]
  ],
  [
    -0.16221167147159576,
    -0.3230813443660736,
    0.04281158745288849,
    0.41409045457839966,
    0.057166919112205505,
    -0.18450653553009033,
    0.08902008831501007,
    -0.04423927515745163,
    0.15382471680641174
  ],
  [
    [
      -0.516035795211792,
      0.5209277272224426,
      0.22527700662612915,
      -0.031669605523347855,
      0.26958540081977844,
      -0.7840719819068909,
      -0.5339325666427612,
      0.25388893485069275,
      -0.35931017994880676
    ],
    [
      -0.07518783211708069,
      0.0023812379222363234,
      -0.4713926315307617,
      -0.17002184689044952,
      -0.5216547250747681,
      0.03305335342884064,
      -0.26368239521980286,
      0.19348454475402832,
      -0.266643226146698
    ],
    [
      -0.002376270480453968,
      0.19100897014141083,
      0.25710880756378174,
      -0.5903548002243042,
      0.49566006660461426,
      -0.18772920966148376,
      -0.13312068581581116,
      0.9131052494049072,
      0.04472881928086281
    ],
    [
      0.8802056908607483,
      0.6583377718925476,
      0.40273240208625793,
      0.2732313573360443,
      -0.03129776567220688,
      0.3148374557495117,
      0.3730066418647766,
      0.13877899944782257,
      0.5344703793525696
    ],
    [
      0.060793157666921616,
      0.5265464782714844,
      0.06069160997867584,
      -0.6022182703018188,
      -0.16125869750976562,
      0.47399675846099854,
      0.00014522184210363775,
      -0.46749821305274963,
      -0.3395645320415497
    ],
    [
      -0.2411082237958908,
      -0.5571966171264648,
      -0.5717000961303711,
      0.17423513531684875,
      0.424265593290329,
      -0.12271992862224579,
      0.3747688829898834,
      -0.32258275151252747,
      0.44114530086517334
    ],
    [
      -0.36464762687683105,
      0.1589936912059784,
      0.38825559616088867,
      -0.31278759241104126,
      0.4698379337787628,
      0.02202274464070797,
      -0.4598931670188904,
      0.4564920663833618,
      0.2218216508626938
    ],
    [
      -0.4854916036128998,
      -0.5760668516159058,
      0.14631517231464386,
      -0.5705149173736572,
      0.0008680727332830429,
      -0.6518518924713135,
      0.2536810636520386,
      0.6083632111549377,
      -0.1461310237646103
    ],
    [
      -0.6601120233535767,
      -0.042384546250104904,
      0.368551641702652,
      -0.237516388297081,
      -0.32308250665664673,
      -0.43468156456947327,
      0.18994541466236115,
      -0.7746681571006775,
      0.1065552607178688
    ]
  ],
  [
    0.004500218201428652,
    -0.27136433124542236,
    -0.012136684730648994,
    -0.02938986010849476,
    0.09805955737829208,
    -0.2397739738225937,
    0.505757212638855,
    0.09377489238977432,
    0.20988331735134125
  ]
]